a,i,t,n,e,s,l,o,k,u,ä,m,v,r,j,h,y,p,d,ö,g,b,f,c,w,å,x,z,q,_,_,_,

codes

   0   0   0   0   0   0   0   0   0   0   0   0   0   0   0   0   0   0   0   0   0   0   0   0   0   0   0   0   0   0   0   0   0   0   0   0   0   0   0   0   0   0   0   0   0   0   0   0   0   0   0   0   0   0   0   0   0   0   0   0   0   0   0   0   0   1  22  24  19   5  23  21  16   2  15   9   7  12   4   8  18  29  14   6   3  10  13  25  27  17  28   0   0   0   0   0   0   1  22  24  19   5  23  21  16   2  15   9   7  12   4   8  18  29  14   6   3  10  13  25   0  17   0   0   0   0   0   0   0   0   0   0   0   0   0   0   0   0   0   0   0   0   0   0   0   0   0   0   0   0   0   0   0   0   0   0   0   0   0   0   0   0   0   0   0   0   0   0   0   0   0   0   0   0   0   0   0   0   0   0   0   0   0   0   0   0   0   0   0   0   0   0   0   0   0   0  11  26   0   0   0   0   0   0   0   0   0   0   0   0   0   0   0   0  20   0   0   0   0   0   0   0   0   0   0   0   0   0  11  26   0   0   0   0   0   0   0   0   0   0   0   0   0   0   0   0  20   0   0   0   0   0   0   0   0   0


letters
____________________________________________________________________________________________________________________________________________________________________________________________________________________________________________________________________a   b   c   d   e   f   g   h   i   j   k   l   m   n   o   p   q   r   s   t   u   v   w   x   y   z   ________________________a   b   c   d   e   f   g   h   i   j   k   l   m   n   o   p   q   r   s   t   u   v   w   ____y   ________________________________________________________________________________________________________________________________________________________________________________________________________________________________________________________________________________________________________ä   å   ________________________________________________________________ö   ____________________________________________________ä   å   ________________________________________________________________ö   ____________________________________


letters
65 a 1
66 b 22
67 c 24
68 d 19
69 e 5
70 f 23
71 g 21
72 h 16
73 i 2
74 j 15
75 k 9
76 l 7
77 m 12
78 n 4
79 o 8
80 p 18
81 q 29
82 r 14
83 s 6
84 t 3
85 u 10
86 v 13
87 w 25
88 x 27
89 y 17
90 z 28
97 a 1
98 b 22
99 c 24
100 d 19
101 e 5
102 f 23
103 g 21
104 h 16
105 i 2
106 j 15
107 k 9
108 l 7
109 m 12
110 n 4
111 o 8
112 p 18
113 q 29
114 r 14
115 s 6
116 t 3
117 u 10
118 v 13
119 w 25
121 y 17
196 ä 11
197 å 26
214 ö 20
228 ä 11
229 å 26
246 ö 20
